TDRS 3                  
1 19548U 88091B   19096.42679775 -.00000298  00000-0  00000+0 0  9994
2 19548  14.3620   1.4472 0036519 321.8349 335.9415  1.00270801 99004
HST                     
1 20580U 90037B   19096.03767361  .00000544  00000-0  22247-4 0  9996
2 20580  28.4704 338.9643 0002791  54.5617 141.6716 15.09199531389756
TDRS 5                  
1 21639U 91054B   19096.44564578  .00000087  00000-0  00000+0 0  9992
2 21639  14.6652  14.7239 0024890 348.8275 183.6099  1.00275000101343
TDRS 6                  
1 22314U 93003B   19096.35431032 -.00000291  00000-0  00000-0 0  9996
2 22314  14.2597  17.7886 0006721 353.8636 264.2616  1.00266661 96087
TDRS 7                  
1 23613U 95035B   19096.59697740 -.00000198  00000-0  00000-0 0  9998
2 23613  14.3811   8.4797 0037242  30.7786  94.9967  1.00273000 86897
ISS (ZARYA)             
1 25544U 98067A   19096.99149306  .00008004  00000-0  13569-3 0  9995
2 25544  51.6444 355.1409 0001825 147.0771  37.0529 15.52493545164196
LANDSAT 7               
1 25682U 99020A   19096.72802058  .00000008  00000-0  11727-4 0  9990
2 25682  98.1348 165.8489 0001786  92.4847 267.6556 14.57149032 62499
TERRA                   
1 25994U 99068A   19096.81443067 -.00000059  00000-0 -30733-5 0  9996
2 25994  98.2079 172.4184 0001244  97.6263 262.5058 14.57111492 26581
TDRS 8                  
1 26388U 00034A   19096.39373125 -.00000229  00000-0  00000+0 0  9995
2 26388   8.5525  50.6461 0016129 296.8058  77.8179  1.00277335 68813
TIMED                   
1 26998U 01055B   19096.48665952  .00000075  00000-0  12254-4 0  9995
2 26998  74.0709  85.0007 0002608 274.0506  86.0376 14.88097050939398
TDRS 9                  
1 27389U 02011A   19096.79465935 -.00000277  00000-0  00000+0 0  9992
2 27389   6.5923  71.6062 0012751 271.6451  77.3892  1.00071032 64088
AQUA                    
1 27424U 02022A   19096.62524306  .00000119  00000-0  36512-4 0  9990
2 27424  98.2049  38.5947 0000617 286.6012  58.8652 14.57114699900109
TDRS 10                 
1 27566U 02055A   19096.59611191  .00000093  00000-0  00000-0 0  9998
2 27566   6.1579  55.5534 0010479 282.0044 260.4098  1.00269527 59874
SORCE                   
1 27651U 03004A   19096.54803945  .00000120  00000-0  26660-4 0  9998
2 27651  39.9951 251.8311 0022396 187.4740 172.5717 14.88977973878908
AURA                    
1 28376U 04026A   19096.56496866  .00000073  00000-0  26217-4 0  9995
2 28376  98.2052  40.6984 0001083  93.3236 266.8087 14.57122044783154
SWIFT                   
1 28485U 04047A   19096.64152308  .00000952  00000-0  34962-4 0  9990
2 28485  20.5561 209.1219 0011037 280.9503  78.9689 15.04341734787473
THEMIS A                
1 30580U 07004A   19096.35176767 -.00000541  00000-0  00000+0 0  9994
2 30580   8.9185 106.4588 8368658 284.0973   4.8582  0.87837780 42852
THEMIS D                
1 30797U 07004D   19096.16353558 -.00000676  00000-0  00000+0 0  9997
2 30797   6.9041  62.0656 8536454 335.2095   0.6035  0.75223535 42861
THEMIS E                
1 30798U 07004E   19095.81357195 -.00000604  00000-0  00000-0 0  9992
2 30798   6.1542  83.3914 8411941 314.1517   1.9959  0.81733141 43014
AIM                     
1 31304U 07015A   19096.70933468  .00000705  00000-0  43976-4 0  9994
2 31304  97.9667 316.6223 0006461  61.0861 299.1016 15.13012757654486
FGRST (GLAST)           
1 33053U 08029A   19096.67027261  .00000541  00000-0  14243-4 0  9997
2 33053  25.5819 201.3495 0012304 342.5151  17.4960 15.11203600597031
WISE                    
1 36119U 09071A   19096.68318815  .00000862  00000-0  32761-4 0  9991
2 36119  97.3807 132.4163 0003983 121.4265 238.7365 15.29502773516894
TDRS 11                 
1 39070U 13004A   19096.58872306  .00000071  00000-0  00000-0 0  9999
2 39070   4.4753 329.4129 0003009  23.2230 239.5004  1.00275547 22624
TDRS 12                 
1 39504U 14004A   19096.43961150 -.00000279  00000-0  00000-0 0  9993
2 39504   5.2055 336.4396 0001740  10.1389 325.1018  1.00267191 17913
GPM-CORE                
1 39574U 14009C   19096.62282869  .00004266  00000-0  66185-4 0  9998
2 39574  65.0082 200.7308 0011879 288.4450  71.5405 15.55511674289931
MMS 1                   
1 40482U 15011A   19089.57430556 -.00000271  00000-0  00000-0 0  9999
2 40482   7.7984 112.3106 9113421  17.6767  75.9803  0.28533386  9946
MMS 2                   
1 40483U 15011B   19085.34306829 -.00000932  00000-0  00000-0 0  9990
2 40483   7.2980 111.3661 9105217  18.4965   1.0002  0.28490635  9913
MMS 3                   
1 40484U 15011C   19085.34213184 -.00000931  00000-0  00000-0 0  9991
2 40484   7.3166 111.3582 9105621  18.4994   0.9371  0.28486062  9910
MMS 4                   
1 40485U 15011D   19096.83805427  .00000168  00000-0  00000+0 0  9995
2 40485   8.4709 113.5778 9089921  16.5272 102.4917  0.28565540  9945
TDRS 13                 
1 42915U 17047A   19096.37366701 -.00000111  00000-0  00000+0 0  9991
2 42915   6.2307 330.6099 0015382  74.8265 271.9575  1.00272796  6019
JPSS-1                  
1 43013U 17073A   19096.57588971  .00000007  00000-0  23815-4 0  9994
2 43013  98.7154  35.8659 0001414  99.4143 260.7193 14.19551770 71537
